71
146
109
64
133
1
127
57
108
42
105
150
86
116
123
17
147
88
4
111
146
109
24
142
13
21
19
15
59
28
24
27
73
139
128
13
88
27
34
13
149
92
9
48
147
133
44
115
87
32
4
123
19
124
144
85
135
20
29
101
32
46
12
8
60
90
133
116
117
68
103
14
86
135
136
113
78
101
90
4
144
137
114
10
66
126
4
149
20
51
82
123
22
137
41
103
32
150
134
20
10
95
90
51
35
126
135
18
109
38
130
7
133
137
82
68
146
112
59
76
123
27
23
114
56
81
145
26
105
83
88
130
28
79
106
149
37
12
109
56
48
144
18
54
115
99
91
93
147
108
